Row 1 Citibank
Row 2 Apple
Row 3 Facebook
Row 4 Walmart


[[60.81,59.07,68.43,66.21,60.85,66.54,70.2,64.29,61.86,68.53,65.49,72.09,74.33,75.05,79.18,76.2,77.58],
[174.52,188.47,203.13,200.72,175.07,198.78,205.21,193.34,206.49,220.7,224.4,243.29,266.29,270.77,297.43,308.95,319.0],
[172.51,165.87,178.78,188.65,177.47,191.14,203.91,181.73,180.36,188.08,177.75,189.31,199.32,202.26,208.67,214.87,217.8],
[98.26,97.21,103.16,99.54,101.44,111.13,114.98,105.82,111.99,116.51,117.58,117.15,119.89,119.0,117.89,115.86,119.63]];
